14
7
10
12
10
8
9
6
11
8
10
6
11
10
7
12
10
13
5
10
9
8
2
1
0
11
22
6
6
15
1
3
0
20
3
1
5
10
9
17
8
10
12
10
9
10
17
4
10
9
10
10
9
15
29
4
17
9
6
11
3
11
11
6
2
31
10
11
12
1
1
11
1
10
8
8
12
10
8
0
12
9
7
6
12
4
6
5
8
9
3
8
0
9
7
11
0
0
12
5
3
13
9
12
10
7
11
6
9
3
7
6
10
13
9
9
10
11
7
7
9
8
5
9
8
2
16
5
6
3
4
14
17
14
5
8
8
2
13
6
8
9
8
10
12
17
2
3
11
7
13
12
9
4
2
4
3
3
5
4
4
4
2
10
6
7
7
8
3
4
3
4
5
8
3
7
4
6
6
7
5
6
5
7
8
5
4
4
3
2
4
5
5
6
3
4
2
3
4
6
7
8
3
6
0
0
7
0
0
0
0
0
0
0
0
0
0
0
0
0
0
0
0
0
0
0
0
6
0
0
0
0
0
0
0
0
0
0
0
0
0
0
0
0
0
0
0
0
3
0
0
0
0
2
0
0
0
0
0
5
0
2
0
0
0
0
0
3
4
2
4
0
0
0
0
0
5
0
5
0
0
0
0
0
0
0
0
0
1
3
0
0
0
0
0
0
4
4
7
4
