7
7
5
6
7
10
8
14
7
1
8
3
2
7
1
1
7
6
10
8
5
7
6
6
5
7
6
6
6
14
13
9
4
7
6
11
11
6
3
8
4
4
3
6
5
6
7
14
15
6
9
10
6
9
4
4
3
4
2
3
4
3
0
23
24
32
15
19
14
19
16
13
13
11
13
19
22
19
17
14
2
22
14
13
3
0
4
10
0
4
0
2
1
1
12
0
0
2
2
1
0
0
0
14
0
0
7
0
3
20
0
0
1
1
3
0
2
3
0
1
11
18
0
1
3
12
2
1
1
5
0
5
0
0
0
2
1
2
4
0
1
0
0
3
0
14
17
9
17
5
8
14
11
12
9
19
14
8
8
17
6
15
11
8
7
14
10
17
9
10
7
6
15
9
9
15
10
13
14
3
9
8
12
7
17
5
6
5
12
12
4
10
9
21
23
3
18
23
16
12
9
25
1
0
30
5
4
11
14
7
8
11
11
15
16
3
3
0
3
4
2
3
7
2
1
7
2
4
4
2
3
1
