6
4
8
7
6
5
8
15
7
2
7
4
2
7
1
1
6
4
9
9
5
7
6
5
7
7
4
8
6
14
15
9
4
6
5
11
11
8
5
8
3
4
5
6
7
5
7
13
15
5
8
7
6
9
1
3
2
1
1
2
2
0
0
26
25
33
15
19
14
19
18
14
12
13
13
19
20
18
18
0
2
27
16
14
4
0
8
10
0
3
0
2
1
1
16
1
1
3
3
2
0
0
0
16
0
1
8
0
5
21
1
0
1
1
3
0
1
5
1
3
8
19
0
1
3
12
2
3
1
6
0
9
0
0
0
1
0
2
4
0
4
1
0
6
1
0
17
0
0
11
7
15
12
12
9
18
12
8
6
2
2
15
11
9
3
15
5
12
4
11
8
6
15
10
9
15
8
12
0
0
0
0
13
10
17
2
8
5
12
14
5
11
9
23
23
3
18
23
15
13
8
25
3
1
31
6
6
12
14
12
10
0
0
0
0
3
2
0
1
2
3
3
3
0
0
6
2
3
4
2
1
0
