12
5
7
11
11
11
8
4
13
8
12
8
5
13
7
11
9
12
6
11
4
5
7
2
0
8
3
9
9
12
1
2
0
15
1
0
2
11
9
16
6
9
14
6
10
5
9
1
10
5
9
9
9
17
27
5
17
10
3
13
5
11
9
7
3
31
8
8
16
2
0
11
2
9
6
6
7
8
6
4
9
5
8
4
11
5
5
6
6
9
4
8
0
11
5
11
6
5
13
3
4
14
11
13
13
11
11
6
7
3
7
4
12
17
7
13
10
8
9
5
8
8
1
8
8
2
16
6
9
5
1
22
17
17
6
9
6
1
13
4
6
9
10
12
10
27
3
1
15
5
10
9
5
4
2
10
5
6
5
5
8
3
7
11
1
4
6
9
7
8
7
4
9
13
7
10
9
8
8
10
7
9
5
8
12
8
6
8
8
4
7
2
4
5
5
5
11
7
8
9
7
8
7
8
6
11
15
7
7
6
5
9
1
4
7
8
3
5
7
3
5
11
7
4
9
6
6
3
4
3
10
0
8
9
1
0
9
15
10
14
5
5
7
5
11
6
6
9
9
17
8
9
10
7
10
7
6
8
7
7
2
13
6
9
6
4
9
6
10
12
8
7
9
8
9
12
4
9
5
4
6
9
11
2
2
9
10
6
4
9
6
3
6
5
10
3
3
3
3
3
