6
7
5
6
9
12
8
14
7
1
9
4
2
6
1
1
6
5
10
9
6
11
3
6
5
7
7
7
6
14
13
9
4
7
7
11
10
6
4
8
4
4
2
6
6
4
7
13
15
5
10
9
4
10
4
4
3
4
2
3
4
4
1
24
25
32
15
19
13
19
15
14
12
11
13
19
22
19
17
14
2
24
13
12
3
0
12
10
0
3
0
2
1
1
12
0
0
2
3
1
0
0
0
15
0
0
7
0
4
20
0
0
1
1
2
0
2
2
0
1
12
23
0
2
2
12
2
2
1
7
0
5
0
0
0
2
1
2
5
0
2
0
0
4
0
14
16
9
15
5
8
14
11
13
10
19
14
7
8
17
7
15
11
8
7
14
11
17
18
10
7
6
15
8
9
15
10
13
14
2
8
9
12
6
17
5
7
6
12
12
4
10
9
25
22
2
18
22
17
12
9
25
1
0
30
6
4
11
14
6
8
11
11
15
18
3
3
0
4
1
2
3
12
2
1
7
4
4
5
2
3
1
