15
7
11
12
10
8
8
6
11
9
10
6
11
11
7
13
10
13
7
10
9
8
2
0
0
11
21
5
6
13
1
2
0
18
3
1
6
10
8
16
7
10
13
9
10
9
17
4
10
9
10
10
10
14
28
4
18
9
6
12
3
11
12
8
2
31
10
11
13
1
1
11
1
10
9
8
11
8
7
0
12
10
7
5
12
4
5
5
8
9
3
8
0
10
9
12
0
0
11
5
3
12
10
12
10
7
11
6
9
3
7
5
11
13
9
8
10
11
7
6
9
6
6
11
8
2
16
5
6
3
3
14
17
14
5
8
8
1
14
6
8
10
9
10
11
16
2
3
11
6
11
12
9
4
2
4
4
3
5
4
4
4
3
10
6
6
7
8
3
5
5
3
6
8
3
7
6
6
6
5
6
6
5
7
9
5
4
3
3
2
4
6
6
5
3
4
2
3
4
6
6
7
3
5
0
0
8
0
0
0
0
0
0
0
0
0
0
0
0
0
0
0
0
0
0
0
0
6
0
0
0
0
0
0
0
0
0
0
0
0
0
0
0
0
0
0
0
0
3
0
0
0
0
2
0
0
0
0
0
5
0
2
0
0
0
0
0
3
4
2
4
0
0
0
0
0
5
0
5
0
0
0
0
0
0
0
0
0
1
3
1
0
0
0
0
0
4
4
7
4
