13
5
6
13
11
11
7
4
12
7
12
7
5
14
6
11
9
12
7
10
2
5
6
3
0
8
2
8
9
13
1
2
0
16
1
0
3
9
9
16
6
9
15
7
11
6
9
1
10
5
7
9
8
15
28
5
17
10
3
14
6
13
8
7
3
31
9
8
16
1
0
11
2
11
4
7
7
6
6
5
8
5
6
4
9
4
5
7
5
8
4
9
0
11
7
11
6
3
12
3
4
14
10
13
13
11
12
7
6
3
6
4
12
17
10
12
9
8
9
5
8
8
1
8
10
2
16
6
8
5
1
22
17
17
6
8
6
2
12
3
6
8
10
13
12
27
2
1
16
2
10
9
6
4
2
10
5
6
7
7
7
4
8
11
1
4
7
11
6
8
7
3
9
13
7
10
12
9
7
11
7
9
5
8
12
9
7
8
11
6
7
2
3
6
5
4
11
7
7
8
7
8
6
7
5
11
14
6
7
6
5
9
3
4
6
8
3
5
7
3
5
11
7
3
9
7
5
3
4
2
9
0
8
10
1
0
8
15
10
12
5
8
9
4
9
5
6
9
9
16
7
9
11
7
10
6
7
7
7
7
2
13
5
8
5
5
10
5
10
12
7
7
7
8
9
12
5
9
5
6
8
9
10
1
3
10
11
6
4
9
6
3
6
5
9
3
3
3
4
3
