5
4
8
6
5
5
7
14
7
1
6
5
2
6
1
1
5
3
10
9
6
5
6
5
7
6
4
8
6
14
15
10
6
7
4
11
10
9
5
8
3
2
3
7
6
4
6
10
15
5
9
7
5
7
2
3
2
1
1
2
3
0
0
26
25
33
15
19
15
19
18
14
13
13
13
19
22
19
18
0
2
21
17
14
8
0
3
10
0
3
0
2
1
1
16
1
0
1
3
1
0
0
0
16
0
1
8
0
5
21
1
0
1
0
4
0
1
5
0
3
7
19
0
1
3
13
2
2
2
5
1
9
0
0
0
1
0
2
4
0
4
1
0
8
1
0
17
0
0
11
8
15
11
12
9
19
13
9
4
3
2
15
11
9
2
15
6
11
6
11
7
5
15
11
10
15
7
12
0
0
0
0
13
10
17
3
7
4
12
14
5
11
7
22
22
3
18
23
15
13
7
25
3
1
31
6
6
12
14
10
10
0
0
0
0
2
2
0
1
2
2
2
3
0
0
6
3
2
4
2
1
0
