30
17
12
10
14
11
7
9
8
8
6
0
15
0
12
0
2
0
1
9
2
6
37
22
14
12
22
7
50
21
8
3
7
14
8
20
1
11
10
12
31
8
20
1
13
0
8
0
12
16
11
5
13
13
7
5
11
10
11
11
6
7
2
5
18
13
11
7
10
2
9
8
15
8
7
10
13
5
10
18
14
8
13
12
8
11
8
7
19
12
3
5
10
9
15
8
11
22
8
6
11
0
15
13
0
12
13
9
6
24
9
8
13
11
9
11
8
7
11
6
7
8
14
17
9
8
10
7
10
8
12
6
9
7
9
10
6
9
13
11
6
14
7
9
7
12
14
7
13
7
7
5
8
13
9
3
14
7
10
8
10
8
7
5
8
6
5
8
11
10
8
6
6
9
9
8
10
10
11
9
17
7
8
7
11
16
7
10
7
8
7
15
11
7
13
12
7
8
10
7
10
9
5
10
10
8
9
27
9
5
8
3
9
6
7
9
5
14
3
5
8
5
8
3
17
10
2
14
7
6
14
6
9
10
18
12
17
9
7
9
8
10
19
20
8
12
27
10
7
11
13
10
21
9
11
11
10
5
8
8
7
19
7
4
4
4
6
7
5
4
2
4
13
7
7
11
9
10
7
9
19
9
6
9
7
10
7
9
8
7
7
12
6
4
12
8
11
13
13
14
10
10
16
8
18
7
0
12
12
10
12
9
8
8
18
8
3
8
9
11
5
11
11
9
14
8
33
7
5
25
9
7
9
15
14
6
8
9
1
9
9
0
19
18
11
13
10
11
26
7
9
12
9
9
8
1
8
9
12
11
16
8
11
6
9
10
14
9
20
7
7
10
10
4
7
8
16
23
13
8
10
12
10
6
11
11
9
11
11
7
7
8
5
10
11
10
9
7
7
6
8
8
9
9
7
7
14
7
7
11
8
9
0
8
9
16
8
12
29
11
7
8
10
6
8
10
9
8
14
11
7
13
10
13
16
18
7
13
8
9
17
13
13
3
10
5
10
8
20
38
11
7
8
9
8
13
16
7
6
7
8
8
6
11
9
5
12
14
9
8
7
10
17
21
10
11
6
6
8
9
11
9
4
5
5
4
6
6
8
9
10
3
3
12
9
13
6
12
8
7
8
8
5
8
8
5
3
4
4
6
4
10
6
10
11
11
3
10
5
9
8
7
6
7
6
8
6
8
10
8
8
16
8
7
2
1
5
9
4
8
5
8
9
12
4
10
7
6
6
10
32
13
6
8
8
4
9
4
3
5
9
16
9
7
9
6
9
11
12
17
5
6
9
6
8
9
8
9
13
9
9
14
13
13
9
17
8
9
17
6
9
5
4
9
10
5
9
9
9
16
22
8
6
5
4
4
2
7
6
5
6
7
8
7
4
6
7
7
6
5
8
8
11
8
7
5
3
10
3
2
13
11
3
9
9
3
8
6
8
7
7
7
3
6
8
7
4
7
10
9
9
6
9
4
12
9
0
10
4
7
7
15
9
1
2
3
3
1
4
1
0
0
0
0
0
0
0
0
0
0
0
0
0
0
0
0
0
0
0
0
0
0
0
0
0
0
0
0
0
0
0
0
0
0
0
0
0
0
0
0
0
0
0
0
0
0
0
0
0
0
0
0
0
0
0
0
0
0
0
0
0
0
0
0
0
0
0
0
0
0
0
0
0
0
0
0
0
0
0
0
0
0
0
0
0
0
0
0
0
0
0
0
0
0
0
0
0
0
0
0
0
0
0
0
0
0
0
0
0
0
0
0
0
0
0
0
0
0
0
0
0
