13
15
21
16
17
16
18
20
9
16
25
22
20
17
15
17
14
0
0
15
16
10
10
22
26
15
14
15
14
20
15
15
21
15
20
25
21
19
15
19
26
22
20
26
26
20
23
15
18
13
18
13
17
8
14
17
17
13
22
24
16
21
17
13
17
18
14
24
24
23
22
21
16
15
29
18
21
13
19
21
23
18
19
19
18
23
9
12
22
10
15
20
23
19
13
16
9
0
19
17
0
17
21
18
21
0
0
13
23
18
14
0
0
25
25
19
25
24
17
22
18
25
21
28
24
26
21
23
30
19
27
24
21
18
28
23
22
12
19
19
30
24
23
20
9
17
21
0
0
20
26
21
13
12
22
12
25
18
27
24
13
24
22
20
25
33
28
32
20
18
17
25
20
14
21
23
15
22
18
23
15
16
22
20
22
20
19
27
25
32
23
15
22
22
25
17
15
29
23
31
16
23
12
11
12
26
22
17
15
24
11
15
14
12
8
19
19
26
11
17
22
19
22
13
14
17
19
17
22
29
18
28
11
16
9
20
28
22
25
17
25
9
7
25
0
10
18
14
24
17
8
6
11
8
0
0
0
0
0
0
0
0
0
0
0
0
0
0
0
0
0
0
0
0
0
0
0
0
0
0
0
0
0
0
0
0
0
0
0
0
0
0
0
0
0
0
0
0
0
0
0
0
0
0
0
0
0
0
0
0
0
0
0
0
0
0
0
0
0
0
0
0
0
0
0
0
0
0
0
0
0
0
0
0
0
0
0
0
0
0
0
0
0
0
0
0
0
0
0
0
0
0
0
0
0
0
0
0
0
0
0
0
0
0
0
0
0
0
0
0
0
0
0
0
0
0
0
0
0
0
0
0
0
0
0
0
0
0
0
0
0
0
0
0
0
0
0
0
0
0
0
0
0
0
0
0
0
0
0
0
0
0
0
0
0
0
0
0
0
0
0
0
0
0
0
0
0
0
0
0
0
0
0
0
0
0
0
0
0
0
0
0
0
0
0
0
0
0
0
0
0
0
0
0
0
0
0
0
0
0
0
0
0
0
0
0
0
0
0
0
0
0
0
0
0
0
0
0
0
0
0
0
0
0
0
0
0
0
0
0
0
0
0
0
17
0
0
0
0
0
0
0
0
0
0
0
0
0
0
0
0
0
0
0
0
0
0
0
0
0
0
0
0
0
0
0
0
0
0
0
0
0
0
0
0
0
0
0
0
0
0
0
0
0
0
0
0
0
0
0
0
0
0
0
0
0
0
0
0
0
0
0
0
0
0
0
0
0
0
0
0
0
0
0
0
0
0
0
0
0
0
0
0
0
0
0
0
0
0
0
0
0
0
0
0
0
0
0
0
0
0
0
0
0
0
0
22
0
0
15
