7
11
9
8
3
7
2
15
19
15
15
14
15
2
5
2
1
4
4
10
6
4
1
8
1
7
2
4
19
4
7
10
7
7
9
10
3
5
20
10
20
5
9
28
3
3
6
9
10
18
3
9
16
2
6
5
10
10
8
13
6
17
13
14
10
14
12
6
9
12
12
14
16
11
11
15
16
19
9
14
18
12
23
18
14
8
10
7
13
10
15
14
7
10
3
10
9
23
15
12
0
19
19
10
9
0
31
0
9
14
16
14
7
8
8
13
1
19
11
16
18
29
22
30
14
6
11
23
12
5
2
10
14
11
18
6
9
12
13
17
7
6
15
11
9
26
8
23
22
12
9
11
17
15
11
13
17
33
0
19
12
14
15
9
12
23
25
15
13
15
17
16
11
35
12
14
14
12
8
16
14
13
18
9
13
15
22
17
17
19
16
22
0
11
15
7
0
9
16
14
17
6
14
11
5
6
3
27
11
19
23
16
21
4
9
6
1
5
15
15
9
1
20
7
7
3
10
26
18
18
10
8
9
21
2
0
30
0
11
15
26
12
6
21
20
3
3
14
8
6
16
12
11
21
21
17
19
19
12
12
2
4
18
28
16
23
0
30
0
9
43
0
15
0
0
10
10
13
12
7
11
19
12
12
15
19
22
20
0
13
12
19
16
20
10
18
18
14
20
11
9
5
18
5
16
12
15
15
16
12
0
23
15
19
10
22
17
14
18
15
9
19
13
14
11
10
11
14
25
19
18
21
15
8
12
15
15
16
17
14
13
8
12
0
12
12
12
24
17
0
11
10
18
8
8
15
8
12
20
17
9
15
20
0
16
14
16
0
13
17
13
15
12
17
11
0
9
8
0
15
17
0
0
16
15
19
12
0
13
11
0
14
19
19
14
18
18
18
12
0
15
10
0
19
12
0
10
0
16
0
0
12
17
18
8
14
14
0
12
14
15
9
11
15
6
0
9
18
12
11
0
9
12
15
0
14
16
13
14
0
16
9
13
14
15
0
10
11
8
17
15
14
17
15
25
16
21
16
10
5
22
15
0
25
15
18
17
11
15
10
17
16
12
9
12
21
15
16
24
14
20
16
18
0
16
19
0
0
0
0
12
15
0
0
23
17
16
17
17
0
0
24
16
16
0
10
10
0
0
0
0
0
0
0
0
0
0
0
0
0
0
0
0
0
0
0
0
0
0
0
0
0
0
0
0
15
13
0
0
8
17
0
18
0
16
15
0
0
15
15
21
22
19
19
19
0
0
0
0
0
0
0
0
0
0
0
0
0
0
0
0
0
0
0
0
0
0
0
0
0
0
0
0
0
0
0
0
0
0
0
0
0
0
0
0
0
0
0
0
0
0
0
0
0
0
0
0
0
0
0
0
0
0
0
0
0
0
0
0
0
0
0
0
0
0
0
0
0
0
0
0
0
0
0
0
0
0
0
0
0
0
0
0
0
0
0
0
0
0
0
0
0
0
0
0
5
7
7
13
7
0
