4
11
8
6
16
8
6
0
13
14
7
10
9
8
8
10
21
11
8
9
7
15
10
12
3
6
9
3
8
16
9
18
5
5
9
9
8
7
6
10
4
5
0
5
6
7
11
9
10
12
9
8
9
10
1
13
6
1
4
9
7
16
11
11
13
4
15
5
6
11
9
7
10
11
12
5
13
9
13
13
9
9
12
9
11
11
13
9
0
3
18
4
11
9
10
6
18
8
12
7
4
10
5
7
12
6
10
11
9
6
9
4
15
10
6
10
15
9
10
10
10
12
6
13
12
6
11
8
10
7
12
11
5
15
7
5
12
7
9
14
51
12
9
14
10
16
7
6
7
8
7
13
8
10
7
11
20
5
7
10
7
3
3
7
21
9
5
14
9
5
6
6
8
8
4
7
17
8
10
7
3
9
16
10
5
8
4
8
5
6
17
9
10
10
11
8
9
8
5
10
9
8
11
12
13
13
4
4
9
5
3
4
7
10
6
10
5
4
6
3
6
8
9
13
10
9
6
12
15
12
14
10
0
6
4
4
5
9
13
14
9
13
17
8
17
5
6
6
6
6
5
9
5
0
7
12
8
5
6
10
6
8
6
7
15
12
12
3
15
11
9
13
8
2
9
5
12
4
3
3
7
15
9
10
4
5
11
5
16
0
7
0
7
10
9
8
6
5
7
4
4
6
6
6
9
0
3
4
7
5
6
10
3
7
2
3
5
12
8
7
2
10
7
1
6
12
5
2
5
6
2
5
4
6
10
12
5
6
6
4
7
8
4
7
4
2
4
11
3
9
7
9
4
7
6
15
4
5
12
1
2
4
3
10
12
13
8
1
3
9
15
3
5
7
5
10
9
9
11
17
5
5
3
1
5
5
5
6
4
5
15
4
7
5
9
4
3
2
18
10
10
16
12
5
6
2
5
8
6
6
0
0
0
0
0
0
0
0
0
0
0
0
0
