9
3
9
6
6
6
3
12
4
8
14
4
3
11
11
5
5
5
2
7
2
9
7
14
5
6
2
4
7
7
22
3
2
10
7
6
9
2
7
3
9
12
14
4
13
10
15
6
3
21
16
4
3
2
2
12
9
2
9
3
5
11
12
5
7
5
10
2
8
17
7
5
3
3
5
11
2
9
15
6
2
7
9
5
6
4
13
11
11
10
17
9
11
5
11
8
5
7
11
4
12
9
4
9
2
9
14
5
7
4
6
2
5
1
7
3
7
7
6
3
7
3
8
26
1
12
4
5
1
3
10
6
6
2
7
15
4
3
4
5
4
9
4
9
8
3
10
11
5
9
6
9
5
9
5
3
6
3
2
6
9
2
2
6
3
5
4
3
5
2
11
15
1
7
11
7
5
15
3
6
10
8
8
7
5
9
1
3
8
10
15
10
3
6
5
4
5
13
8
9
7
8
12
5
2
3
4
10
7
1
10
13
5
9
11
9
3
4
14
11
5
3
4
6
2
7
11
11
10
2
9
12
6
12
8
13
4
8
4
4
12
7
4
2
9
6
5
3
2
10
4
11
9
9
8
4
7
6
6
8
3
6
11
5
4
5
4
3
12
7
10
12
8
7
7
3
6
7
4
4
3
12
7
5
10
3
6
4
2
6
5
7
2
12
7
6
4
2
13
6
5
3
9
19
2
11
6
3
7
15
9
7
3
5
11
10
4
13
11
8
16
13
7
6
6
3
4
7
8
4
9
11
12
6
8
8
4
5
6
4
6
15
2
7
7
6
9
4
6
7
9
5
4
10
9
6
7
12
9
6
5
13
10
4
1
3
3
1
2
10
5
7
3
3
7
4
5
8
5
8
10
2
9
15
9
6
1
4
12
8
7
4
5
4
14
8
3
5
18
12
4
8
6
2
6
21
10
6
9
2
2
12
7
10
9
2
14
19
9
3
5
10
5
5
9
7
10
3
4
4
8
5
12
6
7
9
14
15
9
3
3
8
9
2
7
34
20
7
7
6
6
13
3
9
4
5
7
9
4
2
3
4
7
5
7
11
7
5
7
7
6
4
10
12
8
8
5
9
15
12
3
3
5
8
5
4
7
4
3
5
4
12
6
5
14
4
5
7
14
4
9
5
9
15
10
10
3
9
4
6
12
10
7
3
3
10
4
3
3
2
6
4
8
6
3
8
22
7
5
3
12
3
1
13
11
10
11
6
23
1
4
2
12
9
8
13
6
2
15
6
13
18
5
5
4
2
9
3
21
13
5
2
17
3
9
2
6
7
8
1
27
4
14
11
6
2
2
9
8
7
8
1
14
9
3
5
8
2
13
8
2
10
3
11
7
6
1
11
5
2
12
5
0
6
4
6
3
1
9
9
2
8
4
4
14
3
16
4
2
8
9
3
2
9
7
9
10
19
9
8
9
5
14
6
8
3
15
6
7
11
5
9
10
12
6
10
12
7
3
7
6
9
2
11
6
0
7
9
6
6
13
4
11
4
8
5
4
2
4
9
2
12
8
34
6
8
4
5
6
5
8
6
5
8
1
8
8
9
7
9
15
10
8
5
7
3
13
8
2
3
10
8
4
5
14
6
7
3
7
5
5
0
12
12
8
6
5
3
3
4
6
5
5
5
8
11
7
7
3
2
4
4
10
17
13
12
3
4
