0
44
5
0
7
23
7
0
12
41
8
8
24
11
12
31
11
12
0
8
14
0
8
0
12
12
9
13
0
3
0
18
0
15
33
9
0
13
0
8
10
0
10
14
14
29
16
13
9
16
23
11
0
0
22
9
9
13
26
42
37
5
11
0
13
8
10
32
13
15
11
9
0
14
16
13
9
6
10
13
4
7
14
10
11
9
16
15
13
10
15
18
19
15
8
37
9
13
12
17
13
6
12
10
12
11
9
12
23
17
0
21
16
10
9
14
9
0
11
10
27
0
12
12
10
10
0
19
11
8
6
9
11
16
21
23
11
4
10
11
7
13
14
38
40
22
6
17
16
41
11
11
23
11
14
5
36
23
12
10
10
0
9
15
9
18
12
19
24
15
0
7
21
11
15
19
10
0
10
0
10
23
10
16
0
15
18
9
40
16
11
17
13
16
12
14
11
15
10
12
17
7
14
11
10
19
0
22
41
9
14
6
0
15
10
10
15
5
10
3
20
9
16
20
16
7
26
18
20
11
0
18
21
13
0
0
9
6
0
39
25
10
13
33
13
15
16
10
27
10
10
24
12
9
0
9
13
43
16
15
10
7
0
17
37
14
0
9
8
9
31
11
27
50
9
21
16
18
14
28
11
10
25
12
12
12
6
21
12
10
12
12
14
10
3
10
0
16
11
29
16
9
26
10
7
27
11
15
0
28
13
10
7
14
23
5
10
8
24
9
0
27
14
8
15
0
8
12
10
18
12
4
15
17
0
13
13
15
8
23
8
3
28
16
4
24
7
14
13
7
12
47
18
21
11
13
27
10
14
37
10
18
14
23
7
8
42
8
10
16
32
23
5
12
9
9
15
16
4
17
9
10
4
17
15
23
17
13
47
12
10
10
21
35
9
11
0
18
19
14
10
47
10
12
0
8
11
21
16
12
8
7
15
0
10
8
13
9
10
15
21
28
14
14
11
8
0
28
13
13
7
11
33
11
8
13
11
26
10
9
21
15
14
39
0
16
17
32
10
31
16
0
0
0
14
19
8
8
15
18
0
13
5
23
13
8
1
9
6
24
14
12
18
38
16
8
17
8
7
13
19
34
12
15
14
12
12
0
6
13
12
0
9
10
14
19
0
7
23
12
10
27
0
13
9
10
10
12
29
8
7
0
12
20
0
0
7
11
0
0
12
22
12
8
21
9
46
19
13
12
11
0
10
9
13
9
20
18
5
0
13
0
13
0
25
20
22
6
14
19
9
8
15
35
0
15
21
13
4
10
24
17
10
11
0
49
20
17
28
11
6
9
39
16
25
12
0
21
38
9
7
13
12
14
6
19
39
12
4
13
23
15
22
0
18
0
13
11
0
18
11
15
13
11
0
13
9
6
46
17
9
10
0
14
15
0
18
11
30
0
10
10
14
7
0
18
11
10
7
25
6
14
0
13
0
10
12
21
24
12
13
9
30
34
13
26
7
15
5
11
39
6
11
0
8
20
14
27
14
26
10
17
0
0
17
9
14
33
13
0
0
10
12
14
21
11
41
0
13
13
0
11
9
21
16
15
23
0
9
11
32
10
14
12
10
0
11
8
0
0
37
11
22
8
0
13
6
14
30
12
0
12
16
13
0
22
17
0
10
8
11
22
12
0
11
19
0
32
9
9
19
11
15
11
17
14
11
9
13
0
20
9
8
14
28
12
7
12
17
12
23
9
20
0
2
9
17
7
9
0
14
14
9
56
11
9
13
9
16
10
33
10
8
8
0
11
19
14
12
12
14
11
9
12
11
16
10
23
0
7
22
15
24
36
10
9
11
11
16
10
12
10
5
15
13
78
11
23
9
15
16
9
13
12
22
12
12
0
8
11
12
12
0
39
10
9
19
7
1
12
10
11
13
36
11
21
23
18
26
19
10
18
18
31
19
25
25
12
19
13
12
13
16
9
46
7
25
17
11
10
15
12
15
31
12
10
31
0
8
16
45
7
15
55
28
12
0
0
9
0
0
14
13
18
0
11
36
5
15
11
14
13
11
10
13
0
35
45
7
8
0
12
10
12
10
27
10
10
16
0
18
15
6
18
0
27
10
9
11
42
11
13
29
0
12
16
13
14
15
12
13
10
21
12
15
18
20
0
11
12
13
3
15
8
24
9
12
0
13
13
13
11
28
14
25
12
13
0
13
10
21
16
9
11
8
20
13
0
15
18
12
20
9
0
11
20
23
0
11
30
13
15
0
49
9
0
14
15
12
17
69
20
10
11
10
0
8
12
0
14
13
14
0
14
35
40
21
14
4
12
27
22
17
10
8
14
10
16
16
14
9
12
27
11
7
11
13
6
13
16
0
8
51
12
9
9
33
13
0
14
12
0
12
12
10
30
17
13
8
15
40
14
8
15
0
10
10
13
0
0
30
12
17
21
10
39
18
9
10
72
10
32
23
16
29
0
11
15
12
17
12
9
38
14
13
10
12
8
23
32
0
11
20
0
35
7
17
5
16
10
0
12
14
11
12
4
16
13
11
0
19
0
39
11
0
8
24
0
9
0
15
42
4
22
23
20
10
20
10
15
13
11
13
19
10
16
11
11
9
11
10
14
5
16
20
0
16
10
0
22
0
14
32
11
15
17
23
12
10
23
0
21
11
14
10
31
8
15
16
9
5
18
11
13
10
6
15
17
15
20
21
9
13
15
11
0
38
29
28
11
13
14
50
15
10
11
18
9
31
17
16
15
11
7
21
66
13
38
14
23
11
34
16
16
18
8
42
0
4
10
13
12
12
19
0
7
11
6
12
15
9
25
18
12
0
9
9
11
15
4
11
17
10
10
9
0
29
0
10
10
12
27
12
18
14
11
15
30
11
34
16
17
21
0
0
15
28
10
0
9
0
15
21
15
9
9
15
11
15
23
14
15
18
32
26
0
5
6
0
43
31
20
14
33
0
19
13
15
27
6
12
15
0
12
0
21
15
10
9
11
52
17
16
10
12
18
15
14
16
47
10
51
9
0
0
18
8
10
7
10
0
47
13
20
15
11
14
14
0
14
16
4
12
18
12
0
8
14
7
10
8
18
30
10
11
10
12
10
0
40
21
0
6
16
19
9
5
39
13
12
25
11
0
11
26
0
20
11
16
11
47
15
15
17
14
12
11
24
14
13
0
13
10
0
7
6
9
31
11
0
13
17
16
0
11
37
0
14
12
0
11
13
5
13
0
9
10
25
32
4
18
13
21
13
11
0
14
14
28
27
11
28
0
9
9
17
10
17
17
23
11
16
12
21
12
27
10
25
0
37
14
13
15
15
31
20
19
18
38
21
11
14
13
10
50
5
19
21
17
0
19
15
41
10
12
0
16
16
10
20
14
14
13
10
3
8
7
19
10
13
9
11
13
18
34
10
11
12
0
11
19
14
11
14
12
6
39
12
7
28
10
0
12
13
36
16
10
19
11
7
26
15
12
12
11
23
18
15
32
17
16
0
53
22
12
23
15
10
14
12
11
9
20
23
17
46
35
13
9
14
10
20
11
57
21
15
30
19
13
17
26
11
33
27
0
8
12
10
24
21
14
9
0
9
43
9
0
12
25
11
18
13
11
18
12
25
17
11
0
0
32
0
12
10
10
14
12
8
16
18
13
14
10
0
47
0
10
4
14
12
12
16
9
27
15
10
9
9
19
35
12
11
25
16
10
11
10
29
11
35
19
20
7
37
13
25
18
19
11
20
11
15
13
16
12
60
7
13
13
6
7
11
25
10
11
24
1
31
32
14
18
15
21
17
9
16
11
0
47
8
12
18
24
9
20
9
6
33
19
13
0
29
18
11
10
7
0
13
10
29
24
36
11
6
17
36
12
17
10
8
19
9
9
22
18
11
41
34
10
33
8
7
0
0
18
0
0
9
32
24
33
0
34
12
11
33
1
21
0
8
19
15
12
12
13
71
0
8
0
0
11
0
10
13
9
21
14
11
12
10
14
10
0
13
0
37
9
14
10
0
15
18
9
25
12
23
11
0
0
7
0
13
14
15
12
0
0
11
14
0
14
12
14
13
7
15
7
9
16
11
9
0
0
12
12
12
12
17
16
7
10
8
7
19
21
10
8
0
32
15
22
13
9
8
0
7
16
11
11
0
22
26
10
0
12
14
15
18
21
13
15
11
12
9
9
0
10
23
11
24
14
10
14
17
16
13
12
8
11
20
17
10
15
8
29
10
18
2
10
8
29
17
15
11
9
11
18
8
9
16
12
15
10
14
9
9
22
0
0
9
16
12
17
9
12
12
31
10
0
14
15
17
4
7
0
11
16
11
18
35
8
16
10
12
0
8
22
21
10
29
25
19
16
5
8
18
10
15
12
14
38
13
27
29
10
0
0
0
2
13
0
0
13
14
23
13
21
10
17
7
22
30
11
0
21
19
12
0
13
33
11
8
8
10
25
36
15
14
12
20
46
18
10
3
0
0
13
10
25
18
19
36
12
0
18
7
15
41
9
0
9
17
11
13
41
12
9
0
27
13
28
51
14
11
14
8
56
18
33
8
5
3
10
34
0
10
10
4
11
9
11
15
8
11
10
8
0
0
13
6
28
9
14
0
0
8
7
7
20
31
9
24
34
11
0
10
16
11
17
10
12
9
22
10
12
16
14
17
10
12
35
0
12
27
13
31
28
0
11
28
10
22
11
14
36
59
9
8
7
8
17
12
10
10
13
15
20
22
22
43
18
32
29
33
13
26
11
6
6
14
26
27
2
1
0
0
0
1
0
1
1
1
1
1
1
0
0
0
0
1
0
0
1
1
1
1
0
1
0
2
2
1
1
2
0
1
1
0
1
1
1
1
1
1
0
1
0
1
1
0
0
1
1
0
0
1
0
0
1
2
1
1
0
1
0
1
1
0
1
1
1
1
1
0
0
1
1
0
1
1
1
1
0
0
1
