6
8
5
4
8
12
7
7
6
9
6
10
0
4
5
10
12
6
26
2
10
3
9
3
1
0
7
1
0
7
1
1
1
2
1
1
5
9
1
20
8
16
3
3
3
12
1
2
7
10
12
0
9
0
27
5
17
4
11
19
1
6
3
22
17
17
8
5
2
12
6
19
26
22
31
27
5
23
9
8
16
25
15
9
5
4
7
28
8
1
8
6
8
4
2
14
10
1
11
17
1
6
0
12
7
22
14
18
7
14
39
23
18
21
35
17
12
20
17
8
15
26
0
15
1
10
15
23
16
22
19
15
10
15
29
26
19
17
16
21
16
25
23
19
23
18
29
16
13
0
6
16
18
27
26
24
26
19
25
25
16
0
11
39
24
27
13
19
7
8
3
30
14
6
28
11
14
13
26
10
20
5
18
0
11
19
23
18
15
10
10
20
19
29
34
6
0
19
13
17
20
6
26
0
0
17
15
20
34
22
33
13
19
24
19
17
14
21
13
17
19
15
11
12
22
8
24
19
17
18
29
14
11
14
12
12
16
13
12
42
12
19
14
11
7
17
9
20
9
16
10
15
6
6
19
18
11
18
12
14
9
19
15
31
9
6
15
17
13
13
16
16
9
14
25
6
0
8
10
13
8
6
4
7
6
8
2
3
11
0
7
14
9
22
14
15
28
11
19
18
5
0
7
13
8
12
6
0
7
4
15
20
17
14
20
20
13
18
19
14
11
11
10
12
16
15
13
11
12
7
0
12
10
12
9
20
17
12
4
11
17
11
16
19
23
17
22
13
16
23
36
23
22
5
18
8
7
17
12
14
16
10
0
12
9
8
23
23
18
10
7
24
15
26
8
5
22
2
13
5
7
14
9
13
1
17
8
11
13
6
9
3
8
7
14
28
10
0
10
10
7
9
12
7
7
8
9
10
17
14
16
8
13
6
9
14
9
12
8
2
10
7
5
7
9
8
8
11
8
14
9
7
9
12
11
3
10
9
6
15
6
15
14
12
15
11
7
11
10
11
13
6
6
7
7
9
10
7
0
1
15
13
16
13
15
10
20
11
9
14
14
12
9
18
3
3
15
21
10
8
12
10
0
8
16
14
9
14
15
12
8
26
12
18
22
11
19
17
1
12
15
19
7
14
8
13
13
9
17
0
8
0
11
6
11
7
6
6
4
7
0
0
15
7
16
4
13
9
20
0
8
5
4
11
22
24
8
8
13
12
4
11
2
1
1
4
15
10
2
16
14
10
1
4
6
7
14
9
12
14
8
9
8
7
8
5
10
7
13
11
7
11
7
6
6
7
10
8
6
7
7
8
12
6
8
12
4
12
25
6
18
10
12
6
9
9
10
12
9
16
13
12
14
11
6
9
8
5
6
10
0
10
6
14
16
8
8
8
5
0
8
9
8
8
14
5
9
9
8
8
13
7
8
12
11
14
6
8
9
6
8
8
9
0
13
8
6
11
6
13
7
7
4
7
8
0
6
1
5
9
4
7
8
3
9
10
6
11
5
4
7
35
7
8
6
3
4
6
16
16
3
14
4
8
8
28
13
6
7
8
11
8
5
12
10
5
8
9
7
7
8
8
9
10
11
7
10
8
9
8
11
7
6
7
15
10
5
13
7
10
7
11
10
9
11
8
7
8
21
8
5
6
5
8
7
7
5
8
9
2
3
12
6
10
9
9
9
8
7
8
6
4
16
1
7
11
2
18
6
5
8
4
4
11
3
11
7
5
19
7
3
7
11
14
4
7
8
3
7
6
6
5
0
0
0
0
8
0
6
4
5
6
9
6
4
6
5
6
13
0
