4
6
5
2
6
3
1
3
2
3
2
6
2
4
2
3
2
4
3
2
1
2
3
1
3
4
0
0
6
2
2
0
3
0
0
2
5
7
3
0
0
2
4
4
5
4
0
6
3
3
2
2
3
3
8
3
2
6
2
3
2
5
2
2
3
2
1
5
2
4
4
3
5
2
3
0
1
1
2
2
4
7
3
18
6
2
16
0
20
9
5
14
21
6
12
6
8
15
5
3
6
14
2
6
7
5
6
0
0
7
13
8
9
16
17
6
6
15
4
9
2
11
20
5
8
9
3
2
4
21
3
5
3
2
12
4
6
7
10
11
5
7
7
13
5
9
4
3
3
10
11
4
12
15
12
6
9
3
4
5
16
9
6
5
9
13
9
0
8
6
16
15
9
5
10
0
9
9
12
0
15
6
12
9
8
2
7
2
5
19
16
11
21
8
3
15
6
8
12
0
17
5
7
7
8
7
6
0
3
3
16
18
11
14
10
6
9
3
18
18
13
2
10
5
4
10
15
14
0
15
6
10
6
8
8
13
3
19
3
7
12
5
7
6
10
11
13
5
3
10
10
9
3
7
9
7
10
8
7
12
4
5
13
13
12
12
8
17
5
2
0
2
6
19
5
8
13
8
7
16
3
2
4
0
6
7
5
5
0
2
7
15
6
5
8
13
13
11
7
11
9
0
10
9
4
8
13
2
15
9
6
10
8
15
10
5
14
14
2
15
4
7
5
7
9
11
2
10
8
10
19
11
3
4
0
0
7
14
8
18
13
9
0
13
5
0
5
15
3
4
12
9
9
11
3
4
8
20
5
6
11
7
12
3
5
11
5
0
4
13
4
14
6
13
10
6
8
4
19
20
4
9
6
7
17
12
10
8
3
13
7
3
12
15
10
7
15
13
4
12
13
8
11
2
5
13
7
13
13
9
4
14
3
3
4
6
9
8
11
8
11
12
11
3
11
6
10
13
13
5
11
4
12
4
5
7
8
11
9
7
11
3
4
7
9
13
10
10
1
9
5
12
10
8
1
11
8
10
3
10
10
10
4
4
3
10
17
11
11
15
12
4
6
11
3
3
7
10
21
13
10
7
5
6
7
5
7
17
8
4
2
9
15
6
12
17
13
9
14
16
11
8
12
2
12
13
11
7
6
16
2
5
12
9
15
12
15
9
9
8
7
0
5
3
8
12
2
3
12
7
17
9
0
0
0
0
0
0
0
0
0
0
0
0
0
0
0
0
0
0
0
0
0
0
